1006 832
1482 761
1356 1588
114 399
621 1893
726 1192
922 838
447 316
1303 1698
849 1262
198 743
700 1139
158 1610
626 961
451 1374
1423 1241
242 1200
1097 1485
1344 1591
1678 713
145 220
1645 1704
1328 307
593 1844
586 865
1162 274
1953 1527
98 1047
43 882
1538 36
1980 1172
1901 842
1317 562
558 510
1053 718
461 577
325 982
969 266
1286 1599
508 285
1812 662
767 1973
78 179
905 860
1213 976
576 1624
242 287
1768 740
23 1411
1251 450
1674 1078
1634 1908
1835 1669
1575 318
396 875
1029 522
1414 858
1655 1738
545 180
923 1789
491 1112
623 1002
216 126
534 1869
904 1402
21 1055
449 1761
1211 1330
650 997
1734 1334
792 1346
983 648
1757 42
1732 1675
18 1659
1967 266
1852 50
280 124
1508 1674
581 237
982 1335
1212 1531
654 715
917 1354
1951 113
559 1646
583 17
1520 866
802 1754
1252 4
107 1377
1027 825
383 723
1629 341
1551 421
224 851
1958 516
623 331
894 831
343 1482
1714 829
425 1026
856 1478
1575 1165
1262 668
861 1556
1016 1201
687 208
1965 1350
1286 15
262 446
255 1490
960 259
1616 829
537 1324
678 280
1206 1833
1557 370
1877 1772
1990 1649
746 1848
252 522
475 796
1693 904
970 1970
111 519
338 1730
723 1312
1833 655
675 103
676 742
538 1037
1511 1772
102 1638
1826 615
648 350
1667 743
1978 376
1131 1672
845 1803
141 933
265 1228
275 1687
1252 1669
1735 1557
107 1056
449 527
1537 1249
205 1335
783 1046
1903 323
1404 1393
53 941
1464 1444
1159 808
1281 276
589 1446
1590 1260
1702 269
1356 1093
1778 35
28 1823
1831 1093
345 941
1955 82
547 1341
1414 926
422 1575
458 1003
868 120
754 1001
1452 1568
1844 106
333 944
128 1249
802 1459
628 1535
1744 1861
1856 870
818 878
1697 1749
267 1300
602 1519
1130 1409
136 965
1580 1056
1339 1933
365 1956
115 1781
1880 530
1554 1040
655 1651
711 499
353 791
81 103
1932 1107
209 783
1064 1297
1379 140
996 1836
681 778
1386 530
1372 137
1762 817
657 1323
1470 645
950 1841
1951 194
1140 1413
1572 1595
121 1959
1130 1893
779 912
1857 1175
1802 1239
77 1808
588 563
6 1339
1909 584
603 1854
790 926
1356 1603
765 1098
1780 847
1785 1945
542 797
791 1501
1625 946
962 336
1858 888
98 1988
1526 149
1543 1550
1453 610
1693 262
1820 1306
1080 1496
1388 1383
572 43
1040 148
1088 862
1946 1647
1180 1848
903 816
1252 1724
42 982
1761 847
1721 482
571 1511
290 1003
1027 1727
503 1232
991 232
1280 106
1689 799
1684 455
1550 640
1112 643
335 722
1718 1621
269 893
697 1340
346 359
79 244
325 1468
1531 748
1006 634
70 949
957 1644
1153 1327
1519 630
1264 111
605 1872
1411 1972
1625 1443
381 1605
465 27
1201 1115
1880 1403
1438 1472
1007 468
550 1949
1332 1167
1203 1053
676 1536
1132 355
1527 1113
1091 1714
1937 459
1667 598
562 94
1755 832
1267 1014
754 1432
1729 816
1239 1891
23 1334
169 405
984 1786
426 1724
828 1209
1404 93
1252 490
1002 1776
1764 1833
1633 367
1213 1730
1465 1951
66 1044
1028 1684
1062 514
1316 138
1030 1730
536 404
42 1855
1076 1846
1430 388
547 41
1514 1025
449 1455
1675 1882
930 1499
415 1053
1065 906
222 1412
1254 576
77 11
1978 607
1303 963
988 1854
1086 211
279 1165
1738 625
895 1518
413 1515
1250 928
1917 1428
1366 93
712 1518
767 1225
579 1174
111 1823
18 1595
1243 925
1105 466
130 1055
350 1287
837 651
1179 351
1758 738
833 882
406 1488
87 1708
780 1177
1065 114
947 1519
1497 1168
867 772
1312 1122
1642 768
1191 603
1495 1509
1609 362
1966 865
1391 405
1563 1643
878 1540
112 1778
1065 1632
1103 1924
1582 1104
1341 1981
1941 1451
525 1129
19 503
140 1961
799 614
303 1201
210 744
1891 1751
72 1682
1326 252
546 326
1229 319
666 1374
1753 999
1548 301
579 1900
1283 555
763 31
866 1664
230 965
111 1502
625 1494
169 460
341 1735
1303 1823
1117 1138
310 1338
1514 1777
1732 1182
1570 1120
1644 1069
1193 1133
1389 25
884 792
1297 961
1724 1708
987 920
826 1726
707 1280
689 445
1432 489
1814 325
869 1436
193 133
659 1626
717 1567
1653 1023
1571 1856
1762 1195
1777 1961
460 864
1950 1660
250 1808
1946 1891
1302 1560
1020 413
1935 1207
1436 1789
1768 47
959 403
811 1471
1642 1628
1870 1263
1163 1401
1491 678
302 547
691 359
228 369
847 872
581 1396
471 1524
1195 306
1026 1517
210 665
1742 152
1264 113
1976 53
501 1817
1693 1687
581 1517
1766 216
1210 1984
1708 1443
1109 360
1864 1690
1072 1461
1777 1
1904 42
443 1704
1792 1558
1501 591
802 590
1913 1030
1672 1641
634 188
362 1715
1974 1683
1802 933
1227 473
1798 1457
1483 170
1877 1521
784 132
194 855
993 1703
1545 230
743 1528
230 1946
1868 1408
959 1826
1695 928
1201 1359
399 1903
1951 359
297 1892
1933 756
1554 171
539 193
37 211
1017 1134
1218 895
1734 1714
1675 582
1905 778
653 564
1461 1003
329 1672
1784 1427
1157 777
935 664
1764 1943
1597 783
74 1567
1435 492
320 926
1735 1777
235 64
1389 1140
21 1798
1802 1309
1910 88
1956 958
1078 726
1570 1188
854 1506
649 54
810 911
1604 1186
1690 206
325 344
1928 1017
964 1499
398 822
1260 329
398 593
608 403
1807 727
508 465
125 929
1159 691
1990 848
1071 578
133 295
194 1473
1279 463
990 1794
1377 217
1800 845
1413 170
1197 286
1025 1751
1010 1628
442 878
741 1174
1298 45
527 1888
764 111
914 55
1645 45
927 1980
1894 1503
660 175
309 655
443 1638
424 1359
1045 1706
1463 4
289 905
939 4
768 122
234 188
1760 641
72 1321
1393 1342
159 14
329 425
1392 1642
1156 648
192 1359
724 725
1494 872
1714 875
167 548
1077 1523
294 94
689 1118
191 612
1175 1011
1487 51
764 1413
158 1603
27 100
1491 1927
83 1429
847 135
1564 419
87 1844
1868 537
457 1791
1145 1374
184 1898
1565 1933
378 451
1527 1412
1551 1769
1993 1885
1846 411
1949 1815
1592 494
826 1486
1946 1517
607 1856
154 1093
348 1861
334 1963
478 924
789 557
584 1845
1272 1428
1757 948
36 1222
1464 1369
1410 86
422 211
1623 1133
1924 78
1693 145
939 1669
707 114
1577 199
620 1623
914 1612
217 223
1199 24
370 465
650 748
149 991
1792 1063
325 399
387 1048
1850 1418
370 815
1184 1328
1980 710
624 1634
1281 443
333 1458
1857 1542
1563 1095
1733 1772
594 1462
1690 153
852 1205
1086 389
1993 1093
1733 725
1052 512
373 1126
1429 1630
599 651
559 1747
903 1062
407 1649
735 697
831 1159
1603 1675
572 410
188 1467
97 1837
551 58
1592 991
1370 161
1975 500
8 1765
288 358
1115 1039
198 1596
373 1368
1197 354
357 1360
785 1578
339 1720
308 192
652 2
1170 1648
1935 1451
589 1868
1465 290
272 1932
1580 765
181 1319
1173 118
466 256
1558 454
1050 950
544 1078
1151 1527
1422 1990
1964 58
601 831
1118 303
1214 765
460 303
534 23
1694 355
625 1309
1953 57
830 1189
1031 1179
668 1127
1050 1192
1795 114
325 1956
222 1040
1601 248
1346 1190
1734 777
1968 715
1689 482
1 933
1329 1896
89 753
1267 1957
293 1980
165 519
1066 1149
553 1796
608 271
433 684
276 212
1446 737
1488 1673
858 1506
1678 1245
502 1578
1135 1262
395 1452
1064 793
783 810
722 800
1997 1900
463 990
1762 1252
683 993
1699 378
572 1391
174 69
1956 1202
787 3
1779 1017
12 1175
848 1676
108 1637
919 1327
1244 858
1473 452
1779 1956
1189 693
1894 216
252 1012
1057 1971
422 1460
1598 339
221 652
1812 268
1696 93
130 241
1692 1519
699 1071
1547 643
800 1877
538 1648
1577 751
1957 1975
284 1997
922 1759
237 1656
812 1069
316 902
1307 1048
1931 646
1798 1514
1474 407
1073 63
1123 1641
362 725
355 1769
1795 987
1375 1825
1416 173
581 540
829 376
749 87
1346 77
1881 1404
406 916
349 153
1663 1181
1885 1819
984 1832
607 1845
1991 1922
1213 608
1808 1986
1584 780
1384 1658
1091 847
782 506
850 906
882 858
13 217
1517 322
1308 858
1991 888
1471 327
1601 1605
1283 801
64 239
1908 72
383 221
1883 1476
595 814
724 406
758 1451
1790 1369
1165 1317
1234 922
848 1381
314 1410
928 815
632 1985
167 1397
1110 563
585 1681
1135 1559
44 768
1298 799
737 237
1244 1731
1884 371
243 1651
388 1746
1988 199
319 1646
1002 922
769 391
1877 331
3 363
1105 525
1987 1896
545 1585
1066 762
1348 1680
1867 30
358 712
1673 164
1143 1921
272 645
936 1857
1922 639
1015 1921
68 91
353 489
165 374
333 1944
212 1129
76 36
635 1757
850 1645
1132 577
738 1175
197 1265
1378 754
946 77
1209 945
1940 1689
1200 1879
1015 1116
1269 703
18 1909
1805 417
566 960
510 1065
123 390
1680 422
890 1057
482 737
642 726
1280 717
141 444
1175 1189
13 1198
1845 1923
164 1330
1525 255
1762 1925
53 1499
560 549
1642 22
852 657
193 984
126 1748
972 493
786 37
1369 129
1983 1749
322 842
1893 543
1091 1841
1823 1238
484 1843
1915 1241
1039 375
464 144
1956 1767
431 1916
835 1777
1671 63
1800 473
1463 1605
881 203
487 801
504 216
412 627
1133 158
1554 417
937 448
1046 620
980 37
1028 980
1752 782
1528 1074
1310 1080
1296 916
122 1588
1507 89
1994 436
1663 336
1561 325
1476 1678
1658 1426
1620 905
794 1092
4 1690
1872 1089
721 1516
807 1519
1636 849
230 461
1352 1090
607 182
1510 1676
123 69
1692 1158
1015 687
1970 1139
579 1288
1083 1050
214 372
766 1114
761 770
1364 511
1505 1453
383 1578
1936 1905
398 1886
781 1624
877 1332
294 1011
478 1586
1988 1543
1794 280
1315 282
530 1224
1597 1163
263 880
874 539
366 1530
490 1825
533 246
1398 1448
1480 1517
616 1412
1991 272
276 1758
601 1814
1733 916
301 1522
945 1358
748 521
1574 105
1153 1509
1547 874
1442 299
1575 1094
1804 688
1315 1692
1793 1172
1484 1585
558 144
1166 1424
130 606
161 1905
1196 1074
8 91
1814 1352
794 1939
498 628
1408 1078
1965 474
840 1533
320 972
1068 1131
1997 1594
1356 780
1497 490
98 1044
918 1308
1997 547
720 798
615 1041
735 1372
950 1260
1909 1868
1767 472
1161 433
1385 1309
989 851
1258 450
1177 1545
414 1788
1684 329
618 800
943 331
1144 321
573 1286
1056 208
1496 214
1267 391
723 1496
160 824
1959 655
463 1047
297 1509
882 176
708 814
1685 271
1175 694
1671 1541
439 811
1218 512
1641 1140
1050 1867
1301 1220
521 62
1559 926
1330 1103
690 19
328 1064
1006 750
1684 1631
1597 400
1583 502
1866 561
30 848
1551 1223
420 545
1630 698
608 1764
640 1716
939 63
1245 335
1672 1634
1126 1875
1248 1572
873 234
396 309
403 1251
122 972
980 1757
1988 564
374 1947
928 1301
1372 1463
1857 983
1057 176
1781 1927
1860 234
1538 1940
1443 1114
1350 657
842 1419
286 1726
128 1783
634 194
949 1252
131 1034
1664 1463
92 1308
1473 1114
751 1129
1873 1758
16 1434
489 1129
130 1950
1985 1181
462 208
897 136
384 554
888 316
881 1360
1084 1948
843 839
1846 1517
1474 1645
1835 1587
21 1670
983 95
886 391
1256 604
789 1892
1534 319
1418 373
272 1144
1416 1761
1397 1482
42 1850
649 47
1077 1248
1433 129
1739 1367
1861 835
454 976
777 1666
206 645
674 750
1360 1721
1154 1387
1940 81
102 1756
1043 1556
1810 1957
807 1279
1011 786
94 1343
863 1854
123 997
461 992
182 1348
1904 1713
322 1099
340 1641
436 1349
1783 605
578 1698
934 579
294 1939
679 1457
347 1
964 1855
892 289
1867 1134
1781 1848
1428 269
648 831
400 766
1096 469
1011 102
600 302
268 1778
395 1819
705 584
1993 1394
1399 1904
597 233
1228 1039
832 544
176 1408
1019 636
1061 1801
994 579
495 1124
534 69
54 1418
742 1001
1284 1055
26 1319
492 597
581 1578
1201 239
826 69
1872 1346
1405 419
1773 1569
1026 1820
1979 691
1674 580
1942 1792
760 654
672 770
1144 765
590 1374
269 501
1191 22
1788 12
965 1702
1977 473
37 380
768 599
1835 1292
1165 945
61 858
44 1214
670 1905
1399 65
122 1511
602 724
452 1911
1140 1302
1233 32
296 617
1337 1550
750 558
1359 1834
1370 946
360 1046
566 1151
1784 1488
1257 1005
264 1752
1864 1188
250 393
838 792
430 1492
203 281
70 920
617 564
1780 965
1539 610
897 1372
1619 81
1990 1943
1319 1775
486 1922
623 1927
1089 1434
285 67
846 400
238 1978
1207 1547
185 1822
1411 788
476 1742
1087 1630
339 424
1739 509
505 1396
773 393
117 762
1256 806
1806 684
1211 511
146 941
1018 870
840 46
850 468
186 488
1289 286
248 1073
571 1992
1930 53
1558 1615
1477 229
1674 743
831 239
354 543
1913 1964
261 86
1171 536
26 448
718 712
1346 15
413 76
569 94
1830 64
1310 1526
642 838
1738 246
96 1079
1832 1342
1622 300
1095 783
1342 1185
58 1726
875 1719
44 330
1984 1857
688 1075
1980 395
1285 1065
3 743
595 1786
1187 1432
1167 1719
918 197
16 1557
1585 660
1091 1845
1397 1134
1144 136
1734 1133
1690 309
391 572
88 800
278 1863
1522 203
1028 863
413 1499
1545 601
1959 1409
1821 1704
1315 1078
561 1104
1906 1482
371 980
1246 160
1594 614
1838 1240
1848 615
17 1283
325 1399
1543 1965
1732 669
259 1045
1339 1906
501 807
654 1574
1641 258
127 596
168 368
431 1236
1174 1317
661 1698
1958 1133
213 1050
1044 1207
1471 520
1907 1316
681 1798
349 1059
147 1598
1551 1159
1762 1608
1378 679
1170 1696
170 535
1682 1090
1104 1113
228 1708
202 487
1477 163
463 528
1664 1975
1357 512
1530 174
1017 821
1306 695
573 1827
1982 1732
541 1242
1992 326
1536 1278
1851 121
1682 1332
156 384
1988 621
1967 1501
1817 510
1822 817
1989 1748
1483 1388
1788 940
1172 708
1571 188
1335 177
1120 23
1584 881
4 1131
68 392
1841 1217
833 195
1032 1573
1822 709
1617 1997
1797 881
1919 1810
134 1362
774 1722
815 676
398 1556
125 1434
584 1948
498 1908
529 1258
373 1913
66 1204
1595 1174
946 499
237 39
1785 776
1112 1205
1394 891
1645 1705
1395 1759
927 1425
1395 1530
815 918
1047 258
1997 1598
468 847
1745 1993
279 1096
611 1569
1340 1715
1381 1716
624 1508
803 1739
503 1218
569 754
365 466
1382 261
67 1977
1340 1018
120 1574
1240 851
1830 616
1905 1204
1027 1726
3 1174
681 1503
37 1926
580 633
521 992
1931 1728
298 654
108 530
1575 1837
1267 1684
417 1285
350 63
1550 989
751 1804
681 1745
797 644
415 313
1222 1281
28 1072
1177 1804
60 1253
86 259
372 64
718 472
463 1414
683 1646
1834 761
1500 1639
99 1891
606 1170
950 943
642 598
1808 974
956 465
1395 283
1901 643
1140 1225
1315 1751
630 1648
1899 984
1450 892
421 1245
1544 756
322 714
1822 1932
299 730
1018 188
1898 1927
52 745
1404 79
144 1502
837 1429
1845 990
1740 1462
1867 520
819 594
967 492
387 1903
1125 1832
970 1958
1636 358
1628 1406
713 1780
1745 1698
17 1259
29 1498
27 405
1111 779
1783 354
936 1421
378 864
778 983
1915 429
617 1560
142 1038
314 290
1403 254
102 1868
876 1491
796 744
1279 1615
1664 1951
1030 1850
431 996
656 1380
71 461
1054 1389
935 1963
221 405
769 210
1588 276
1746 1653
1264 152
1117 627
1406 501
977 509
834 460
684 1684
120 824
151 137
28 1006
1165 681
1227 1330
1805 1041
1932 1082
1259 50
1030 227
1935 333
378 72
769 1620
1392 350
1264 1333
348 543
604 11
1500 526
1888 379
1809 1806
966 363
112 717
910 468
1590 1624
1395 1385
822 1752
805 122
1474 1449
1324 687
1479 1527
362 1767
655 1760
244 728
1068 1929
268 1085
1792 1960
591 1775
1716 164
158 432
1419 1634
679 1824
1818 1868
135 448
1893 470
927 125
1725 105
1370 1634
624 1255
1398 649
1052 241
675 254
1719 1229
332 854
1101 133
1254 604
106 1265
1346 1361
1102 1940
424 564
1134 431
1503 5
417 790
109 674
1540 301
279 1085
246 908
74 1619
1079 1663
862 911
1519 1181
1343 955
603 1145
1809 196
341 1145
1265 1301
357 860
200 388
381 1217
1356 1833
1368 1658
1335 1710
1073 1481
1635 1598
447 911
172 706
316 1394
1013 1322
710 1550
1962 946
1903 1534
919 906
377 586
1385 376
536 579
1921 127
358 1741
1247 1085
1532 22
201 747
696 689
1294 1318
996 1624
506 299
159 1918
1896 605
1228 1903
1004 697
1936 677
1225 1568
404 409
358 707
1657 969
316 1878
1362 1960
63 237
1687 1262
496 762
1258 590
430 933
1393 226
1587 1031
1155 1108
958 1466
497 879
39 1196
1092 5
7 197
1572 349
47 498
115 898
865 1167
445 544
792 1820
1616 806
1261 578
344 906
1006 59
1403 698
1226 1230
1800 1273
838 596
1354 1415
920 140
1333 309
1835 1230
857 1548
939 1587
780 776
1590 1813
291 90
1655 710
461 501
1303 1985
1745 640
1938 1220
771 848
1483 1808
1135 307
631 316
634 550
334 29
137 912
1677 1300
1665 14
1384 1950
539 663
971 91
209 1202
548 631
252 1572
384 1728
1418 487
1383 1203
455 1608
1842 1754
725 1203
714 556
1638 1429
139 584
142 101
422 155
581 1316
1734 1029
677 1549
1821 1937
850 1211
678 1922
991 167
1458 1067
209 168
140 297
1024 1512
879 636
1930 796
491 231
1318 683
1846 839
1204 1335
490 531
906 1678
283 467
1730 627
1069 1147
1752 1140
1975 431
1787 609
822 223
1314 914
1264 1093
226 872
1573 1848
1903 1723
187 880
1703 93
1558 1661
1007 1558
1760 1795
9 177
1568 807
35 1132
1312 881
1191 820
1436 1856
1370 684
262 249
1167 355
1714 753
1395 219
316 1946
1651 1865
1315 1916
1601 58
7 373
1776 584
81 322
43 1787
1124 106
668 1058
1095 371
893 1405
655 1762
930 240
1157 468
298 1195
788 830
49 1659
975 427
1339 1347
1081 594
1647 1234
1675 515
59 1071
625 1482
1803 929
98 1965
1568 1291
1735 421
888 256
770 1432
1866 877
1976 483
65 862
1866 59
1287 1843
1216 1145
1095 855
1592 1661
365 1275
831 782
53 1912
1058 1727
1525 1836
1120 1558
829 857
371 1965
393 1724
653 631
950 100
886 573
177 113
1472 145
149 51
99 459
821 1612
141 1099
1658 537
876 501
833 1851
1700 1473
1477 1135
1807 781
738 1735
1703 1892
1838 1528
564 801
1061 1607
1735 797
1487 1715
1573 964
348 1176
1829 432
561 237
1538 1909
1409 1795
59 521
1162 1100
637 232
1363 107
822 1446
87 1522
1885 448
1501 1734
432 1934
1641 1256
1016 938
98 1536
165 1297
409 1923
1566 35
1829 674
1866 1724
1504 325
769 401
990 1272
1946 148
1514 1686
767 705
1536 1216
1701 1512
1661 164
1253 864
749 836
1480 1809
561 1768
1822 755
1942 1611
1713 1751
1210 1167
1201 1347
1899 1914
1161 1167
1308 1594
294 498
1514 1699
1787 1040
407 146
1896 1212
232 788
1586 757
1188 1650
773 654
582 1840
1373 878
1072 1704
755 1768
1942 806
1319 1581
1472 1823
382 1671
890 128
1308 1836
681 1186
1608 1576
162 1789
1194 1936
44 1504
1164 781
1514 76
1032 827
247 557
1594 1762
294 1800
920 276
942 789
1210 1772
1036 1885
769 80
1189 437
1008 96
613 1903
1979 189
1407 1949
784 738
818 1554
107 1
62 753
1491 1539
1578 1952
1079 1036
1447 1203
989 325
343 1153
1229 980
298 1639
843 1439
824 931
648 705
455 1744
133 1693
1323 736
1304 228
679 176
584 1336
78 710
193 431
432 713
1536 211
882 1178
1047 1511
1442 283
788 1745
432 1881
1755 514
256 1884
1839 922
929 472
684 641
350 1519
1549 1843
1993 571
1062 1230
1879 1489
1960 394
561 1702
1278 562
1569 280
970 1412
259 125
1702 1792
1447 519
450 824
1699 740
156 377
591 1766
486 252
968 521
777 990
1170 884
1908 850
1579 1614
51 1492
49 1419
1829 971
444 1423
1519 1977
1459 1697
280 534
1371 1584
1399 865
936 875
1462 396
8 1014
868 1643
1210 1343
1469 291
1209 889
1988 856
935 357
1030 365
686 555
669 1554
1747 1524
1471 1360
1653 1108
1771 871
231 1449
1688 1065
1927 1347
1113 376
1326 1652
1075 1252
466 1962
435 1565
27 1511
819 1713
1039 1716
1959 639
980 89
1551 1073
1031 549
67 1031
1084 146
1249 1711
1282 1070
1740 487
473 1160
1070 921
1761 21
1483 13
1399 544
1982 370
1412 254
582 1224
1129 1622
1775 1474
582 406
1003 1402
1679 490
1863 247
1882 260
1187 930
1479 55
1611 1608
1184 1800
160 16
889 1623
533 527
827 516
233 1992
735 927
1130 1685
755 347
1281 1854
930 873
1621 1922
105 1699
493 1286
866 299
545 887
1381 1159
1100 880
589 701
538 884
396 1474
1294 638
855 1988
213 306
1845 1909
735 122
693 879
1981 1689
1673 1573
244 1955
1104 598
940 1695
1568 998
1755 824
1101 71
710 415
170 730
1078 353
1289 536
86 736
946 1365
1228 297
266 1606
825 1304
930 1357
852 1703
585 1588
406 1091
1693 67
925 1656
340 1262
1419 1935
760 1067
376 138
806 1183
1781 301
64 51
373 1035
404 1139
1837 1401
42 1955
325 1260
1617 314
457 1150
1346 494
1509 1949
1027 485
182 164
197 701
1217 1777
587 1381
512 1207
1563 1138
489 1260
1881 1713
900 794
427 1513
270 1566
619 1454
1012 1156
285 1056
536 409
642 1330
1013 1731
1901 207
1918 1608
1429 397
551 1148
140 1348
69 879
910 1495
1801 1437
1297 214
1331 1259
407 874
825 633
1699 1426
1945 1832
1186 1780
1945 1603
1198 851
552 1642
1665 731
574 1172
797 692
1060 1560
272 807
1843 508
631 1154
1550 929
722 1272
257 418
1931 1789
531 923
674 1231
1233 700
1683 1431
1461 564
1072 1277
743 55
115 1883
827 813
393 63
1979 796
308 1416
469 21
899 1820
252 1255
1105 1171
1963 1956
537 192
1234 763
1485 116
447 420
1702 1807
1579 690
947 1874
861 1605
332 29
1632 701
318 1299
65 853
1173 1584
171 1545
1148 1756
1662 1977
980 1125
1734 15
175 1371
271 850
1370 1990
1891 1167
1185 1944
1484 779
1198 422
1797 1010
345 1674
541 566
458 797
248 1741
469 397
1757 12
1959 641
1560 895
214 292
207 1336
692 1085
36 1454
1097 87
625 802
1540 1596
93 1170
84 1616
358 458
1092 911
708 1968
764 853
332 405
526 392
168 418
620 1976
1396 1214
1113 1091
1302 1552
1632 1427
1699 434
590 1989
1364 1612
1957 1897
1764 270
1199 498
1754 1245
522 1976
590 124
1982 614
1999 29
1517 1746
38 816
862 1751
387 475
1520 1199
1661 155
1358 117
647 1045
800 1812
309 3
301 1576
43 786
1459 1633
1622 1102
1026 1751
1401 874
1008 650
875 535
773 753
900 70
176 1702
1470 1620
4 952
845 1302
573 843
743 1520
836 1482
765 1013
90 1369
1260 992
1767 271
877 473
1517 1062
1972 410
411 148
409 75
1723 349
28 612
977 7
1696 1680
459 835
880 74
1415 1401
426 1597
54 1954
792 900
539 1474
1228 1696
605 256
740 1612
626 315
1789 945
1610 1468
1002 602
234 730
1428 710
1051 723
486 685
516 793
1921 1222
1646 1054
1984 1278
272 1372
12 1970
731 1657
1369 1419
1663 1600
1427 606
816 452
1762 1350
894 1540
779 1324
1904 1699
314 1453
320 221
1804 1468
635 498
967 971
26 124
762 1212
48 1640
1309 1610
86 1343
313 339
1476 969
1939 730
785 563
570 1163
33 1224
1457 1895
40 1348
339 1415
262 1168
160 1120
1763 1039
145 997
225 468
1999 1023
364 1300
345 1058
1838 1829
307 537
1914 161
1207 1733
348 1706
631 1048
1648 1331
990 1102
482 1827
366 1881
1078 168
345 1300
1991 852
1712 1208
1108 1996
1625 1963
1871 1201
1281 1924
885 1924
1721 210
231 151
222 1314
354 487
139 1316
223 1953
439 302
523 1427
560 1760
1336 1981
1743 1581
1761 1864
171 1426
1836 991
43 157
435 1206
1613 424
85 1093
179 728
597 487
1484 1936
525 318
184 25
134 433
1782 1815
746 960
988 722
1141 1718
1746 1569
1980 1507
591 268
1911 589
1565 1938
773 955
1032 657
404 1088
1324 11
682 507
1504 881
136 519
1949 1002
1833 1056
1333 1901
1959 643
4 1504
489 270
442 912
351 1733
1832 952
559 450
1089 1433
1121 1385
1286 1718
1885 1717
1405 97
168 420
1838 595
1692 275
738 1970
66 1577
974 934
855 1508
1942 1362
641 990
546 1396
1613 103
1227 562
1756 1091
863 56
1419 1442
1490 1322
1364 688
1092 229
1410 575
749 1058
1179 642
1891 619
576 349
1357 914
31 1717
523 193
1612 911
190 1481
678 481
1201 293
318 1932
1247 409
1610 986
1391 1851
1736 573
466 1766
1424 981
300 13
635 3
929 1941
285 1610
97 327
1484 473
1308 1708
1884 858
492 1122
509 537
58 1833
1632 1805
1449 637
1196 191
1749 1801
180 254
1534 415
1010 186
1127 1525
674 725
159 545
871 1010
35 509
1079 1713
1958 635
604 437
312 494
811 1144
12 1959
251 255
901 1303
706 835
119 1267
953 446
1312 1776
1952 187
1007 948
1991 115
1786 649
259 1957
1233 207
1265 425
974 1673
1133 1666
214 1167
771 38
778 980
1670 595
784 502
1749 888
1933 1234
931 1424
754 1791
1177 433
399 1334
1316 1531
1498 488
1054 1494
1394 138
884 36
192 977
746 1499
379 1742
55 598
271 1391
1054 568
971 570
883 457
277 647
213 1157
1005 568
542 1332
676 1332
1419 1605
8 644
1787 1543
1647 974
1047 686
873 1553
1644 676
73 480
594 1872
838 283
776 1391
1658 1779
150 1343
897 1802
1378 1846
862 532
72 376
750 62
1829 735
1741 622
1926 752
1841 156
375 1474
1944 1560
1138 413
500 1590
1716 1329
1642 1114
1824 633
98 1021
1016 1591
1855 1114
1963 913
359 540
1682 405
1054 836
486 1547
816 1422
441 84
1244 179
1290 1049
772 1123
395 1136
768 1647
200 143
350 841
842 549
640 1317
1879 1979
186 100
444 624
872 1596
1698 591
332 1093
1901 950
206 688
540 1207
882 1910
627 1886
532 565
444 1913
729 621
906 1486
1040 483
212 1563
1191 386
346 331
726 1784
1987 1754
1443 378
888 1782
175 1617
247 739
1294 1423
550 1908
791 573
629 740
1379 972
1668 846
799 168
15 1520
1693 1549
989 1433
994 1777
1006 619
1341 609
891 228
256 1703
660 332
1233 1914
1245 1022
1408 1686
704 1570
1834 1794
473 1408
1688 279
677 915
1470 551
1924 1953
1096 1801
46 1233
1347 107
1037 1342
1465 1560
1150 465
1503 620
703 944
1415 921
966 1583
310 195
1161 1270
1619 687
1302 980
1036 1275
107 546
958 1584
1906 865
402 1891
362 772
1676 1571
1882 1676
560 1696
849 1304
1294 1920
1810 753
318 1116
658 1938
1542 938
69 1314
1445 1042
206 1548
772 10
1835 1456
91 26
1827 289
1865 581
270 257
220 436
1675 457
1907 1746
1614 181
951 1823
1704 111
185 334
654 1307
904 1189
832 266
1344 1875
1223 1356
1648 825
211 858
870 1726
715 620
680 1831
301 1017
1504 1985
267 1140
1855 256
939 1947
1973 477
1789 23
672 263
431 874
74 48
260 992
604 802
1130 94
1549 1475
322 1318
1664 1950
1385 320
1587 949
319 525
1750 418
594 464
552 467
1515 780
1570 487
455 571
162 1221
1198 615
1635 616
1418 618
1058 46
1593 1373
1098 384
1122 741
1163 513
149 1632
443 1621
450 1745
877 277
1859 337
1203 1201
1660 393
24 711
1237 704
1646 1663
118 80
400 998
83 1291
408 822
1270 329
143 1076
1141 178
1887 1725
706 1684
404 824
12 485
61 606
1843 756
1228 345
975 653
1503 1038
1563 823
1234 1816
989 1756
873 1810
208 373
163 1125
1532 1860
1876 1404
664 1821
1318 130
1272 1411
807 1311
1947 1994
1150 896
1390 356
874 1257
1856 1583
1460 829
734 725
1842 1685
806 76
580 487
1829 174
1118 836
1930 485
1355 254
642 318
408 151
614 256
1066 1319
1009 785
969 1881
1673 1997
1554 356
1946 1863
135 1160
1221 789
1964 604
387 334
1484 1135
1017 1669
1540 1710
958 42
1658 1702
715 809
203 405
1111 257
1787 311
1394 316
1399 660
542 1268
583 1040
729 1094
1620 1302
1868 1138
25 749
658 167
1050 920
300 459
1801 559
1023 36
947 1438
226 924
842 1156
1852 1315
874 1633
1914 1146
1347 1264
297 1743
189 483
973 565
71 1925
1652 99
1458 1482
104 1284
1398 448
1579 496
920 823
1365 1439
644 1413
1221 936
1282 623
1797 574
183 651
95 538
1519 980
343 1579
169 1655
683 1876
1705 1106
46 538
765 1945
1016 1527
186 23
72 446
287 371
873 697
693 995
1629 451
667 1760
390 957
861 1774
364 1493
1712 1617
1399 1157
581 939
1894 870
283 1016
1134 593
755 1765
1806 1400
517 136
1193 1173
1285 1176
77 1032
1959 1386
873 939
882 907
713 1889
734 1948
491 1961
1001 1245
1904 753
261 452
765 214
656 1247
892 1194
890 367
616 1030
1209 1544
1533 1641
1073 1885
508 1618
1396 94
1600 1816
1 1292
1527 779
547 270
318 447
827 553
1294 433
1177 1605
846 1734
835 1087
489 679
941 1971
1261 1195
46 109
5 71
798 1959
218 1347
1412 1593
911 1836
615 754
1394 492
425 1862
1304 1501
1400 980
1556 1493
1770 1422
166 820
898 217
941 816
164 1124
1275 1335
833 990
17 1636
784 51
968 397
1174 502
902 43
1642 1802
410 1301
1433 1894
1492 811
1440 621
1674 559
927 1039
983 116
353 1935
661 1822
1958 1486
799 709
1731 1443
1431 693
99 1008
1716 1091
1843 866
1395 447
3 1714
1482 860
670 716
1226 116
758 1997
1377 1746
202 1779
229 421
516 1417
1572 1921
646 480
668 239
1153 1745
509 1643
755 881
1130 943
1291 1571
1150 1595
680 1417
637 781
472 1882
162 902
1896 109
1208 489
1911 1629
74 1957
1005 1069
1077 945
1866 1105
312 553
1296 952
1148 825
1504 1921
95 1787
607 1144
573 1267
1973 1581
1611 182
164 1742
700 1493
256 513
1207 1526
441 1498
219 402
952 1421
1050 1727
1595 1527
26 1111
1450 735
424 110
1267 1553
331 1868
1107 783
1043 1027
1543 1084
1586 259
622 970
361 1343
268 886
899 1399
212 1930
1366 1774
297 1745
1966 786
1546 163
1021 1510
183 411
1496 1510
1660 800
847 1222
621 879
1825 1547
295 1877
1226 989
190 1595
1674 856
1432 276
745 541
614 58
1691 1439
1920 1033
1309 879
451 1757
926 589
953 197
1689 1514
39 271
169 1549
1631 1280
1713 824
436 1075
1647 470
558 543
604 659
1733 1678
1814 354
1394 1983
298 323
574 901
803 495
1756 1581
575 79
1445 120
1315 239
1241 24
157 1673
1777 1761
1625 172
1527 1586
992 259
1664 1820
607 1091
550 557
1682 1874
718 141
620 1555
1284 552
943 488
1084 198
1580 550
876 1602
786 396
1071 794
805 1843
1264 142
992 1669
1846 1995
1517 736
235 643
1699 484
835 150
83 1040
312 634
1767 884
1005 332
506 1631
638 804
746 566
911 899
68 1405
1606 1195
644 289
1986 433
241 1104
1166 105
1025 920
1535 1665
912 225
94 532
794 620
1822 796
1338 454
1467 110
1385 1963
1512 792
1424 908
1147 105
569 128
1611 734
236 184
347 466
1086 805
1786 213
497 1164
1344 282
547 1924
798 1277
887 1992
1022 1399
1137 1874
1448 1507
1780 1980
978 1063
1131 1342
1740 1386
316 1129
235 1958
1290 813
1730 65
46 1884
1240 1635
913 1240
1467 594
1143 470
466 1948
1667 884
350 1773
1587 403
563 834
184 249
1154 484
168 1207
1639 1990
188 139
97 280
461 1725
693 1065
552 1089
505 1243
1973 1462
923 480
1843 1352
356 1793
459 1248
1851 947
361 1908
1059 489
1700 522
1424 358
1203 655
738 784
1362 648
1455 610
1651 256
496 1436
1532 830
1103 653
1072 1074
521 1200
1596 1717
1969 13
217 1728
174 109
392 1729
941 739
297 674
1343 490
567 40
559 1842
499 1562
334 448
587 628
655 274
1892 1873
1427 1019
1910 1661
387 459
1698 1778
1362 1829
1310 1373
1552 906
1717 1239
760 677
178 1224
775 985
1924 1717
205 1623
965 557
1774 726
1564 1145
965 328
1615 144
1362 1132
333 990
245 123
1724 1484
1330 1099
1090 1612
1265 152
1098 914
1695 904
1242 1107
481 191
1895 440
1573 160
1841 1143
1796 1895
1521 1690
240 250
274 1591
1801 697
116 1648
1404 997
1018 1456
1833 622
86 1661
177 1779
876 1228
1886 633
1385 1105
671 1533
1459 1054
1510 1285
1646 99
1441 404
923 1461
1052 1346
861 1778
1487 1274
920 372
247 1592
1176 69
562 435
1919 113
883 1244
1712 574
1211 292
120 1487
1573 415
1236 995
522 1423
847 1708
1060 15
1853 1866
1687 113
1133 493
651 1244
1685 1235
100 1141
1794 1407
1020 323
1609 1132
187 736
851 1948
1644 1584
1059 436
1003 275
856 1016
1570 359
1644 308
240 518
1692 1022
1463 1953
148 1158
1103 1647
142 1380
1262 1374
608 1789
128 169
1290 1594
153 1919
1277 83
40 1224
440 111
218 1230
1362 1884
1296 1264
1712 950
279 1856
580 801
346 634
1385 1723
791 984
54 462
1518 37
1084 1731
1116 1454
142 1514
1939 1198
347 1394
1229 284
1647 43
449 1112
1837 140
188 933
370 415
1875 553
171 242
698 1156
239 376
359 1690
488 1346
1148 1621
878 1760
750 299
1754 384
1724 1444
1439 228
198 1893
265 900
1435 523
183 1770
477 1722
1359 649
1617 1173
727 1870
715 318
895 1188
1440 988
75 1126
651 10
849 668
701 541
594 149
504 1424
908 1248
1190 180
641 1658
1518 1702
1139 1117
1466 1283
456 858
1424 1515
1336 1402
1009 778
105 1311
475 844
1158 83
1275 668
1815 124
770 1664
656 367
1612 1458
1987 581
1443 1649
1340 770
1320 532
1767 1746
1588 1249
488 675
402 1389
1931 1588
878 1318
147 116
1177 1651
843 314
867 671
913 787
1414 840
1143 1774
1456 19
1559 669
256 1456
341 1500
1162 969
1762 476
662 1097
1176 271
1325 1791
939 35
1969 1304
1859 1432
1019 1721
675 1911
367 1795
1814 1955
559 1965
1931 1722
1941 195
1053 258
867 805
393 1151
1752 1427
1249 89
268 890
530 338
315 413
425 56
1218 1678
1073 1031
1856 208
1035 510
1852 732
374 993
478 821
982 620
636 1178
405 1511
1612 1955
834 870
1364 1853
531 869
1086 862
854 61
898 1794
54 651
1200 1866
914 1509
1299 1091
1197 814
825 1171
801 585
1231 398
1098 1037
810 1802
581 1979
1928 740
1088 763
243 1425
921 357
1698 1217
1567 468
1205 1284
986 1920
196 303
179 659
1478 167
1777 463
1806 1164
1749 630
230 72
173 1487
1699 1977
73 88
1672 1285
923 1463
53 789
158 842
1637 1449
185 450
1296 890
1998 933
494 1959
1538 423
1266 1950
476 599
1197 130
1940 174
183 1020
1678 1113
760 250
746 315
1052 1590
682 330
1769 184
1297 1357
1011 1000
1348 1588
1993 306
1518 1999
65 1270
1170 269
1481 131
1823 1817
245 1911
1344 836
592 1726
559 1778
1500 1312
77 1280
1212 387
313 1493
1244 605
1621 676
525 1793
1629 1062
275 46
1622 1022
703 752
1143 1024
905 1381
1092 978
1145 50
157 175
1062 281
1012 460
856 1381
670 696
892 1563
604 342
1760 1787
1651 568
1308 1626
1182 1258
838 1448
1469 268
1677 1200
1364 740
777 1209
209 1920
256 1766
1088 576
406 1939
1442 1333
1118 455
660 1563
1463 1621
1217 168
1583 1723
1012 702
1481 1675
1550 1280
519 540
1634 227
1936 40
1792 1954
69 1364
1870 1793
1271 1693
1484 525
71 1181
172 1721
540 1888
1873 751
1520 1387
594 138
577 494
574 1886
1620 1968
1995 862
365 1483
1836 51
1717 854
1132 1921
1212 1355
1155 821
1881 696
1991 864
17 1187
433 836
409 250
866 1886
1600 1622
817 718
753 1191
27 333
41 618
222 1447
1512 583
738 1714
791 557
493 1129
1604 1111
755 1250
1204 93
1685 366
681 1486
1932 768
1426 142
981 1189
1257 306
1468 260
1724 186
940 1309
1652 1249
1619 1597
999 1623
417 450
279 745
1834 1670
687 1213
776 504
1479 395
785 509
1215 322
1475 1444
344 1934
528 294
701 1390
1895 1370
811 996
991 1866
1967 1889
1585 1558
114 546
1208 1342
1667 1856
1839 162
465 480
286 1003
465 251
554 1986
1011 1444
403 541
1915 1325
1935 516
69 372
977 1981
1667 930
1992 498
759 1758
1961 101
1068 234
722 1812
963 477
1575 1499
367 1355
243 1319
535 939
538 190
706 1989
1824 927
1841 342
423 1371
1896 1446
1935 879
756 1702
1673 879
1041 1834
233 614
400 1545
1690 1462
1220 1284
720 1900
771 145
24 1150
1737 1924
1868 946
1995 4
1174 1289
197 812
1435 1064
282 856
564 1774
1682 941
1281 597
1367 1832
118 1687
200 1726
1530 1072
895 561
603 389
463 1318
1999 998
1660 1303
752 145
898 199
1581 1424
1531 785
1899 1935
1302 1716
754 1093
917 562
1018 1139
1692 329
1773 25
1019 731
1511 1193
1323 1896
1579 1822
646 1388
1303 1429
81 1350
57 764
516 1049
930 100
481 1994
1702 616
810 449
1004 988
195 590
1242 1045
918 921
1736 1782
388 1106
1596 984
1322 1913
1721 198
417 1578
678 1582
900 234
48 1186
741 1638
1231 1502
67 418
1032 1558
954 1867
926 1805
1824 740
1810 576
696 296
799 946
1585 1626
1434 410
212 368
200 1068
1151 58
569 605
894 173
1506 1454
1702 871
872 1582
858 1418
715 1598
1205 1462
843 63
891 1945
1304 128
553 903
988 831
1726 531
1258 197
1102 1118
157 1842
1573 474
1602 1175
392 433
48 623
1782 59
820 1368
1319 823
1068 1241
1967 1044
1282 1170
525 1716
1178 66
754 1953
236 566
1454 1132
1906 475
780 141
1820 1869
762 1026
1829 642
1307 1765
1229 88
1721 587
363 1142
1130 1543
1240 1186
1770 183
1494 544
1110 1830
1453 1415
391 1096
1733 1994
819 82
1855 671
1337 974
1269 547
534 98
1069 1196
1992 124
101 475
1114 1841
744 581
957 1628
900 1094
1201 39
1771 1818
1671 1880
1845 1538
1862 953
1980 945
1099 930
1427 207
510 801
11 824
1155 1212
1469 96
1862 27
1428 1721
865 332
1458 1600
823 106
978 1929
1388 1275
646 409
1441 1552
1639 1796
501 1344
1924 1147
1709 1976
570 1703
1337 1350
165 1883
1053 396
1682 567
89 612
1303 1968
1926 927
181 844
700 1409
944 1742
1295 279
1317 1758
1506 233
418 420
1199 985
1856 1743
1224 749
1964 293
876 1234
1657 1799
1762 1098
901 244
1601 1638
1943 584
1855 242
1953 1568
1791 1920
490 1548
376 251
1864 183
1994 1690
480 79
874 1430
160 626
903 145
266 793
1045 265
1891 1454
1862 1692
501 552
1764 1120
1662 1338
1791 994
1116 1084
1418 1651
1636 1056
1224 65
585 1017
1676 1249
1875 183
1035 435
1245 16
1809 1778
1528 1536
1325 682
640 808
779 1906
1825 1005
1171 215
1305 969
1329 1326
1146 387
900 920
1496 1439
1188 1323
604 1272
1466 779
34 1156
982 666
1655 1203
39 1234
981 441
1387 836
1683 1652
1087 49
1629 140
156 479
713 1565
1894 788
454 1341
739 1739
1091 1632
640 942
994 1965
1423 1553
1859 1854
1506 275
1497 455
111 1473
147 901
1115 1558
1915 1382
573 1009
166 362
1673 802
1577 865
1730 1107
1884 1022
728 1068
1355 1166
1703 1849
205 182
1621 238
1997 525
455 1296
766 663
1963 1143
1094 465
287 665
1331 1869
1563 943
1284 1528
752 1933
1559 1467
305 426
1277 1754
826 1818
778 1252
1891 112
153 1954
1321 484
1408 372
1322 1123
231 746
1508 1865
1140 715
1243 133
888 1891
286 1328
867 785
1409 839
1505 547
422 1603
227 869
459 209
1453 1296
739 492
1902 1122
80 1344
1635 778
291 1793
292 446
1383 1725
655 269
1799 1640
545 626
1646 644
1089 726
1173 1134
39 1168
1541 69
1892 821
1424 716
1657 1183
912 1443
867 1966
924 285
562 1101
792 1792
1043 1145
1208 1212
1051 1494
1641 542
1051 1265
751 973
1131 211
861 350
1110 1845
1758 309
254 1335
1902 1256
1365 1317
1098 1956
714 44
1039 329
755 570
1056 1730
1585 502
76 1184
702 1094
910 1797
10 1769
923 275
1243 1448
1628 1259
1411 1261
782 1467
1616 912
1184 1218
1313 874
55 1138
1713 1976
968 1859
252 1652
533 884
1008 1931
1739 164
646 532
1210 574
1449 627
1392 56
414 411
491 1826
1344 1742
633 189
793 178
1587 453
1678 985
1323 1511
1913 559
1507 1103
1677 1514
1078 697
880 187
508 315
1960 819
948 587
898 995
1065 1926
1949 1155
1734 1230
1584 239
741 782
1488 716
589 361
324 844
1330 773
1509 1004
1039 826
1025 662
338 1947
1064 1822
1656 1468
1623 1291
535 246
1264 126
1546 778
1332 1758
1958 1217
37 679
1124 533
613 1778
1609 1248
468 1131
677 716
983 1725
55 1635
1641 1173
1921 1227
466 388
755 262
290 1623
1522 663
993 319
594 573
1576 374
1316 1992
19 113
549 1096
1875 1461
466 1327
462 1851
1648 1418
983 1967
1724 1184
1954 1875
46 108
887 687
1652 261
693 1841
540 579
770 812
589 737
1513 856
845 168
1997 380
1260 1844
1903 1950
1287 1452
1586 782
1020 1862
1604 836
1534 1036
1002 1441
1770 495
1138 1221
98 890
371 756
221 997
754 1460
1423 1326
1249 1439
753 1989
510 53
1997 514
1587 616
97 1311
1867 670
1464 1219
1027 1218
662 1763
1923 1733
125 592
1890 1327
432 483
1946 441
170 1008
1224 685
1446 532
874 77
1906 224
22 1029
1532 1969
985 1342
1835 1512
632 1712
1862 1386
1855 178
1423 521
111 1488
484 13
1112 1302
281 1899
26 855
414 708
1400 1705
472 1881
733 1885
905 945
395 1597
431 1025
1377 1169
1940 114
520 316
864 126
375 1130
839 1759
459 77
1107 298
396 1189
654 1484
325 491
437 732
1801 1352
1982 1400
1844 1170
423 504
789 73
362 265
1359 1128
801 312
1358 903
1165 1528
100 1204
184 380
1034 550
1405 197
488 791
1232 1703
1819 1005
1337 736
533 1436
567 37
188 1667
408 1441
535 1253
1760 775
526 1662
1892 931
1195 737
130 1204
1169 78
167 1729
969 956
1475 1316
587 625
1767 936
267 620
1005 1781
453 810
1227 433
1707 1824
996 1961
220 279
1433 538
156 294
665 400
1451 1080
1093 618
312 807
843 443
1170 572
925 216
815 344
1472 385
1429 1735
840 145
836 403
1186 903
942 1216
354 1689
741 408
1139 683
325 1927
1006 1322
1262 524
613 115
1664 275
799 1931
1489 917
1471 1277
203 1119
347 1807
889 1861
1500 1749
1013 170
555 524
823 1507
1776 1095
1628 214
1111 1910
306 722
667 1640
1921 1900
1033 943
1220 1035
1324 863
899 1882
1566 396
855 1058
500 830
658 1941
1948 1629
14 1610
1278 868
1501 351
1781 405
960 936
363 717
1237 1244
1022 767
1402 759
1768 62
293 99
814 1528
1323 1634
772 1652
1988 1391
1618 131
33 266
242 1837
923 1003
50 849
1899 760
1543 896
956 133
617 1899
971 670
1778 241
41 1968
1183 1492
181 1453
1781 889
991 504
1870 1412
1479 1261
258 626
1113 1140
286 1627
1378 1825
552 1746
206 1109
290 1746
1059 1025
1912 483
580 798
515 817
12 462
588 1561
390 1805
1062 168
454 514
236 62
1141 168
255 1738
251 47
1228 1490
759 1685
143 1187
590 186
1677 269
1995 615
952 1033
195 825
1654 551
1772 277
1233 228
1544 1847
680 1513
1454 641
729 1634
1583 1960
1832 449
132 368
1470 1790
620 1354
1876 226
977 1103
1553 741
73 138
203 1416
858 593
395 1357
1470 1911
232 1070
908 1124
1007 1103
1311 1514
0 720
1913 616
1020 1530
192 890
1582 287
927 1753
65 31
891 1830
1178 1106
1486 1222
930 1758
1042 1999
641 1655
1112 486
1399 516
1891 224
585 1760
836 1076
1902 1810
1532 816
1564 997
253 203
726 1884
1489 1348
1294 126
609 252
91 326
1051 1122
1227 72
110 1736
695 440
650 963
419 801
821 552
1438 1423
1803 1521
306 1274
347 1312
708 1025
447 203
1660 1593
1360 1072
21 216
784 1141
352 989
625 330
272 737
93 469
1457 1126
958 1442
1431 1662
854 1092
1010 1080
210 761
951 1439
316 928
1610 846
278 636
438 396
1146 1614
788 1906
1856 1252
1575 1239
634 1210
1530 1496
415 1580
337 169
522 1154
116 466
897 802
1335 210
1534 1322
553 1406
494 762
1937 1712
559 928
884 459
1491 1137
80 893
1869 265
1896 139
1034 1157
976 1337
1082 43
1685 750
513 1054
120 305
1684 1279
407 1530
1355 1225
1636 1854
1938 1438
1415 1397
1571 1873
865 930
564 1756
1486 1048
1644 173
1107 234
1956 1162
1214 296
157 1782
1191 312
1416 925
311 1202
632 1782
470 966
1521 1355
707 384
10 1210
1632 176
412 961
622 542
1502 66
1721 864
672 484
1737 1811
1283 143
1897 1763
1312 844
451 27
365 741
303 1849
1887 294
488 848
527 1971
367 558
1943 832
938 1542
1332 944
1495 413
922 780
1908 582
1787 1524
1420 1996
1755 488
1834 781
182 1680
421 1962
624 1796
1780 1484
1482 595
802 836
1029 798
239 1167
1964 1012
890 1888
1784 1310
1056 379
94 1688
1095 1502
1817 477
1573 1248
33 631
38 746
1208 103
1302 1953
273 1286
419 1340
179 1624
1386 1543
1329 514
654 870
227 1291
309 1101
329 521
237 932
1381 1320
1042 1854
137 1519
1109 861
1562 843
36 124
58 1640
1818 1028
1537 786
222 250
343 1974
680 347
1092 520
273 1420
221 1230
697 930
1941 502
1395 1726
1034 286
645 245
1488 1688
238 1813
474 363
711 1767
681 1107
1837 1549
720 769
639 1864
237 1066
1768 1863
684 65
1597 1981
1175 531
619 313
973 1336
1730 524
412 774
71 481
948 525
399 1478
1839 467
1833 918
635 1233
650 1770
130 14
1221 539
1367 593
816 490
1898 229
31 1203
1137 1299
741 841
1169 56
1661 1750
11 1490
445 1193
706 1234
1578 1163
1683 1216
1881 706
43 395
1452 300
3 1262
999 1486
823 772
401 1308
1839 1877
906 1938
696 667
491 1201
780 1075
488 903
1088 373
619 568
1599 67
866 1199
1015 16
1872 1128
836 273
1699 648
935 252
1613 1133
597 1196
1192 322
956 311
1730 900
790 1739
731 1132
134 913
113 36
1536 1071
11 1974
1832 1298
624 1154
70 339
1744 956
71 978
1700 1115
336 229
1841 71
860 1138
1495 1420
901 910
1579 596
261 55
589 1843
451 1613
229 1042
473 1631
1615 1421
1472 618
364 412
374 871
1847 266
1583 1883
355 629
1322 1613
1412 1772
841 1919
487 640
199 587
870 526
1768 1676
1325 1335
974 354
708 1403
465 1645
1829 87
1002 803
1489 921
1869 388
1710 516
335 1427
842 706
545 190
450 1121
892 1991
1222 1866
917 1001
643 1930
920 481
1746 1499
1684 584
151 909
1904 624
938 242
638 1707
1319 873
672 1291
863 1825
873 1052
1091 191
1665 463
1147 537
968 1060
1976 1816
1045 489
1650 865
1163 481
762 137
1671 399
1471 1765
1091 83
1942 1387
858 784
515 1613
1507 1580
924 1259
1013 779
1871 810
1957 1816
983 1839
267 208
1742 1339
248 1097
1712 938
61 224
1382 1706
716 1616
294 166
1291 1295
1421 321
1254 1376
1801 1545
1820 1006
1510 26
372 1146
308 1619
251 856
1216 976
461 171
1596 968
30 887
1579 772
1746 949
1610 85
1632 1830
1977 552
92 166
1757 1717
414 1385
1821 426
613 282
1344 1440
1576 743
800 1047
300 172
854 1512
1958 552
1980 311
1500 869
75 993
832 181
109 1809
145 1237
630 986
96 298
1192 1921
1 1192
221 1232
548 1361
145 190
1206 1038
1738 404
1524 1613
1944 738
1696 673
1706 866
1075 1228
677 172
1537 1030
1762 1377
1177 229
1442 1695
1034 409
1753 1328
963 1697
1709 1221
692 1877
737 1125
714 1636
568 121
1524 458
1269 168
1507 1164
827 1405
1924 1452
969 1754
124 1662
1705 590
526 1184
1572 1229
646 17
183 27
1549 1511
565 846
1948 991
287 84
1574 1046
1113 836
426 135
808 200
916 1719
575 1426
1316 872
1648 1116
1498 1586
526 258
1541 990
1437 115
1270 941
1010 1768
1975 464
858 1899
352 41
329 94
327 1216
1415 1938
1028 1263
1811 1645
1261 424
721 739
965 1365
1875 354
130 500
345 159
250 1090
1576 435
1223 1071
832 691
1473 953
721 1089
895 976
476 1029
414 151
1615 1073
1873 1597
6 60
1463 1433
1461 606
1870 774
1431 1895
1007 1833
912 512
1452 1954
746 745
1383 807
763 1099
128 1985
178 1348
974 464
863 633
445 645
1945 143
622 49
642 112
399 125
1892 1192
326 1569
1298 682
1141 469
320 1000
1614 164
10 20
1192 700
1701 806
1062 590
998 1100
753 1003
1253 1326
379 533
347 766
1800 677
867 472
1216 360
1265 518
1497 1807
1507 1219
1987 395
952 408
1444 870
1217 827
1881 1810
1922 1582
1075 1417
555 893
1283 134
685 185
665 206
1551 70
1299 758
327 1150
576 134
724 786
1899 524
101 1332
431 1207
486 914
527 915
293 1502
1151 1533
992 722
1551 191
489 1599
728 1844
1725 758
1869 1934
1597 1475
1686 766
1376 1772
178 101
224 742
990 1184
732 394
1038 1898
30 876
387 396
634 1256
1040 1715
417 504
1033 507
1557 1416
4 42
114 1634
562 1272
273 1169
1665 841
1066 1973
1184 918
1260 1142
938 862
593 864
202 713
900 1509
1313 924
1502 1614
805 454
853 1168
710 1385
840 677
1311 1494
43 1070
1020 1052
1128 97
1296 1630
1855 1328
1570 149
694 249
1153 800
351 1344
17 7
944 626
285 953
510 1337
1291 1902
1532 796
1797 47
1903 214
536 1474
498 1892
1532 1856
885 59
876 468
600 304
1377 1164
1888 1905
1253 1623
1568 466
1597 1167
1282 109
1474 50
1756 702
1841 746
444 1898
210 499
160 907
880 479
596 1245
1807 869
290 384
1020 1657
822 1184
325 1546
399 1495
1216 1717
1030 1298
1245 1223
287 207
977 425
636 95
1441 1054
228 795
1947 1414
1642 549
528 40
1637 1868
952 1765
1673 1296
1783 1693
437 1090
1858 295
918 1888
207 1796
1561 1765
587 1788
1757 1411
538 849
438 1665
691 1845
1734 1427
352 164
467 151
221 1852
472 1434
1537 1529
1344 316
100 515
1053 369
1866 886
1701 324
1549 950
282 1165
803 342
1838 1992
565 1224
153 233
1990 319
534 339
1499 1479
1606 1376
1876 971
318 980
3 1871
1851 389
1458 431
1764 1898
1031 98
1119 1379
663 1099
398 1582
965 912
717 1335
1594 1379
422 929
809 106
117 293
728 181
769 744
1710 507
180 578
1653 1959
1085 455
42 873
911 1322
464 1276
119 1241
664 812
1791 1785
1479 1927
1766 1957
845 823
1306 171
1794 1157
956 812
1691 1675
1589 1398
1365 1919
212 1711
1682 808
457 1249
1472 998
1721 736
1556 174
824 1945
260 1085
17 1364
983 662
1662 1216
523 906
1478 641
1080 1763
639 71
1473 1694
883 431
597 74
29 556
493 1185
706 246
1826 11
368 1190
459 1537
610 1706
1293 716
635 716
473 159
954 203
596 495
1990 240
1320 711
77 1512
371 498
1868 250
1405 260
329 272
1151 609
1722 1364
961 485
1621 1955
1796 532
1135 1015
868 442
178 224
162 1448
598 1749
392 863
1490 317
1920 130
154 1156
1751 92
1261 1662
1777 266
690 1809
1693 1026
1045 1219
429 987
425 1282
1982 82
1858 1773
1828 1601
1759 1730
299 1816
1670 1429
1467 575
1846 608
953 1522
940 1031
1575 1313
1785 857
1348 1270
1110 395
1545 508
1493 52
44 1768
602 1278
112 1185
253 895
1777 750
1623 283
691 1471
400 541
1795 511
639 1991
309 773
111 788
628 260
1032 875
732 317
670 1425
530 1122
499 1543
394 1261
1373 1518
1009 1012
1048 186
1664 1172
1316 1694
827 712
1513 1942
1471 1716
681 1597
319 915
1917 756
1686 594
1470 1464
155 211
1163 1950
314 692
640 633
1901 603
230 735
81 346
416 861
1522 957
1546 1314
295 571
1184 1901
146 219
352 287
1693 960
215 1221
807 867
373 1807
1723 85
417 1621
1456 495
957 811
1311 1309
855 800
606 1264
1440 672
660 1729
194 7
1334 1148
921 1504
1081 739
1160 1786
808 809
950 1158
64 1065
1053 613
1340 1609
655 752
1997 1613
68 1938
1537 1894
511 1232
1458 783
1229 694
273 542
1726 224
1952 1210
384 760
1117 116
1916 735
1880 1041
897 1281
1024 302
187 596
1160 1102
1999 854
101 263
1738 1981
652 817
707 487
1668 1693
138 1764
924 192
1982 1331
853 1480
758 425
1626 649
760 471
1524 638
461 1895
1930 1814
1271 128
235 505
1506 934
162 1195
716 549
1051 1064
488 1890
1477 1401
217 609
1199 410
1099 960
1224 174
1974 406
1663 544
978 441
1676 1237
221 1896
11 854
676 490
476 1893
1002 1185
1043 1186
1807 121
664 372
499 564
443 898
417 1434
1265 1006
1612 821
391 1152
711 339
186 1686
455 90
496 1848
1414 432
1579 536
25 1970
479 1386
482 637
1430 147
1922 1023
1873 609
1291 1422
721 1040
1368 1376
806 1084
930 1150
1258 161
34 1278
975 1795
51 427
1747 325
71 113
1456 1610
50 1222
1996 1066
274 701
1083 1742
694 240
788 104
499 1987
1838 76
959 925
909 1333
1418 1439
1411 268
562 471
636 420
1922 1386
1188 869
921 525
366 1175
1653 151
101 197
481 1650
402 1128
601 520
93 1016
1903 1265
342 1757
617 1696
326 1749
572 4
531 1629
464 178
1291 859
1200 1229
1031 1457
415 1188
1098 1218
905 823
1763 588
675 1758
1096 1522
1166 1995
1833 1263
546 72
1760 1687
1524 693
1651 468
367 1763
1420 1804
1874 1974
1893 1987
953 840
1486 1340
908 1363
25 1770
417 308
897 1470
928 783
69 793
0 959
1703 1045
6 1905
627 1057
1236 118
1543 9
679 200
219 1905
1112 725
1549 1517
779 781
1314 832
1573 1995
1951 1123
304 1612
1036 1238
1423 186
512 1726
343 493
195 1561
219 1918
1877 541
294 1274
904 1957
1948 192
633 1090
1436 1185
1907 541
384 1554
1200 679
431 1400
630 563
590 1393
1656 141
240 1051
1387 1939
1686 20
1007 900
23 235
563 1677
819 1374
1427 439
876 1090
229 1508
337 287
944 1490
409 163
1716 1481
198 882
1280 1853
796 1740
313 51
1132 908
1219 1550
1639 1907
1287 930
648 1468
53 541
1190 216
540 888
860 1509
1608 1897
478 131
1161 804
297 470
1123 283
1326 871
441 1646
1010 1574
1211 1335
1514 1107
1266 1005
283 1245
1585 758
414 1930
1801 1285
111 1892
1279 651
1459 1292
1150 951
1506 815
512 371
86 1431
628 1485
795 201
619 1665
1784 944
1699 577
851 776
765 1490
1076 1123
921 17
895 782
500 1192
1294 1467
375 1197
416 1723
501 1013
145 1903
243 977
535 368
1354 959
237 445
830 1188
1594 123
1570 1752
889 1539
722 1362
108 1728
669 1270
1439 1942
162 1439
1800 1167
945 387
487 1495
1056 1652
1383 1781
1566 182
1324 1588
630 1665
1363 267
788 790
1404 793
1358 1320
1332 136
1468 1717
1960 1425
224 1916
923 1136
573 986
886 1217
590 172
1011 431
388 977
1872 1662
1827 199
476 272
1967 1936
41 1512
614 916
466 752
1956 1777
1887 1943
421 1504
1666 1715
9 284
220 467
1584 858
334 983
857 758
553 761
1494 1315
253 994
1423 388
1266 1865
285 717
1905 1034
936 1438
962 407
1650 1949
1920 1544
1319 1849
882 1057
1244 1446
1441 1731
1109 992
962 1696
1985 1794
1300 1691
1720 1267
1661 1855
167 1354
637 71
1065 1043
32 900
1430 875
857 1242
1781 1627
695 197
366 1419
132 1777
989 351
1075 1586
316 780
876 1642
1130 475
805 715
225 140
216 549
1786 1045
1392 1414
1556 1522
1408 604
286 500
633 1776
905 20
916 1835
1437 1278
1105 1771
1017 1887
1762 580
698 1878
1942 1450
1035 480
1047 1766
68 1216
1481 1240
851 1073
1406 1820
1975 1977
616 1435
996 673
182 914
559 672
722 141
267 729
167 562
1663 1072
367 852
764 488
1041 271
1562 1700
1216 797
276 1902
1168 1251
83 1443
193 820
1853 307
1746 181
1297 843
1437 365
945 1623
1257 663
1464 1370
1684 1144
1592 1555
1380 1672
1737 1421
1242 395
1897 97
57 1403
1960 1843
662 759
70 1867
223 1880
1945 259
697 982
1552 1496
681 220
829 872
1302 1321
162 823
1585 626
1409 400
639 1916
150 705
587 1460
637 823
1354 1861
160 1652
849 1874
59 1462
1808 1435
452 898
709 1463
1571 933
397 1349
1018 1925
936 580
1391 1389
135 36
1506 1864
329 1299
1564 1051
1766 219
718 1296
1342 1877
115 1720
1132 1515
1261 1171
1980 858
1641 1163
1873 466
174 499
1043 130
1879 173
1982 1806
832 849
1418 946
513 611
1299 766
1882 1346
1584 1652
89 283
1511 356
682 797
901 612
1186 1993
1121 615
1674 535
1825 179
1562 708
457 1739
1243 433
1507 1940
1609 904
1421 1607
1785 608
940 553
1352 726
1628 1304
5 652
1937 598
1278 1716
1550 1384
1414 557
384 456
619 996
1582 1309
1539 444
1100 1040
1916 1599
1934 1653
1614 214
1669 904
91 998
1266 928
590 416
4 292
1364 1207
61 8
1205 396
834 1163
1546 1628
1702 155
1466 1376
942 1864
1546 581
1991 1197
2 488
1236 1035
1576 1103
447 57
906 1803
1529 1553
813 1346
136 838
790 1362
1144 170
853 1418
1252 1918
347 11
476 650
263 542
1302 1631
1856 756
1446 67
1680 5
236 1836
19 1313
1190 1575
871 1529
198 268
610 478
616 1195
1760 1812
434 895
1995 1571
491 382
1815 1640
939 20
887 1550
897 777
1728 934
1439 831
1502 362
593 780
1236 1411
1864 714
1442 1479
647 1016
1674 590
1398 426
979 442
1437 1522
1148 1419
86 575
1792 932
611 167
645 1212
722 1432
979 1731
1343 961
379 1443
1088 1674
359 1730
1555 1554
369 1923
665 753
608 219
1484 1610
1521 1906
287 578
1264 560
584 801
1619 199
265 1
94 119
417 809
1822 1201
1361 614
583 1744
318 49
923 617
21 1748
291 1343
1257 907
1389 43
1707 1372
683 1049
156 71
111 594
1114 1272
415 1005
533 1226
459 1048
1293 456
1422 341
351 468
143 1485
1266 996
490 1300
1777 690
1434 1748
1272 1457
1234 1165
1585 1917
652 1749
36 1480
425 538
361 1011
753 74
859 995
1442 1050
1724 1968
777 1865
675 1588
267 73
946 1822
140 1429
290 1602
1164 180
197 1145
1040 410
854 1940
1007 233
1554 631
349 1953
1329 1415
205 713
1325 1939
220 1021
351 952
1972 999
1889 705
1693 1584
299 496
481 1964
1852 1577
1946 1212
622 893
1890 822
152 1910
506 681
908 1664
1677 943
1232 1990
150 36
1946 1333
533 1723
89 285
671 381
1851 426
24 1738
309 150
1374 245
529 153
1990 248
159 1145
475 1610
977 1777
204 1790
1639 664
484 1844
1635 1188
697 676
1545 248
1311 81
1254 1496
772 1200
684 1087
1224 314
764 558
788 915
1183 919
1998 839
732 1922
1766 1886
80 949
544 1578
63 753
1546 570
382 1930
1853 498
1443 334
1594 503
1228 1843
1116 878
62 649
643 1863
1586 1029
1554 1720
718 1219
818 1571
1480 229
795 126
1939 743
1227 1217
1889 1565
543 1753
741 11
751 470
1293 524
441 1705
1523 986
774 1356
574 19
489 1638
929 1415
1632 340
1233 594
1482 1335
65 263
1732 692
1622 820
283 1654
154 1769
429 1479
517 545
150 1246
491 1310
903 1254
413 838
1466 1862
347 255
335 918
1280 1362
1667 539
1942 515
659 197
728 1788
566 1726
619 798
1073 1005
470 446
1762 1752
1366 1523
172 1277
175 1023
1080 900
204 1495
166 974
1678 1758
1418 895
228 1034
1205 1016
554 1958
1506 1358
1861 539
1034 1026
1351 1605
1495 603
1154 44
663 1204
1334 914
1826 1605
666 226
192 572
940 731
1592 620
219 180
1289 619
1144 1958
1192 686
1907 897
615 116
919 1022
766 1746
650 1571
1567 1731
524 1166
1840 843
785 978
1399 319
4 1517
1652 913
1358 466
1110 1384
1878 438
1203 794
915 1559
1014 1043
1285 1506
201 1694
1297 1331
1867 1898
1183 182
1429 1406
718 348
198 312
1631 574
314 1426
1903 1447
116 135
782 1945
1611 1275
35 964
1864 1455
157 1893
203 548
1772 1866
645 664
672 1521
696 1878
586 1252
1231 990
1685 406
1829 1619
1614 1694
1146 128
354 1360
1254 1122
1238 885
264 154
976 885
405 1298
73 559
120 1839
756 1003
873 356
1838 1681
625 1193
265 621
1822 653
1772 1061
1324 413
131 806
1866 1864
34 321
562 211
1916 180
1682 1410
1904 62
1827 1010
970 1847
980 845
446 157
936 21
893 1371
614 1956
493 1666
1716 361
947 1607
1390 1359
450 1969
601 152
480 1848
280 511
171 1507
209 1210
975 743
245 638
1012 1039
468 912
1232 1079
1619 27
1467 1848
696 281
1821 656
1831 849
1794 1196
316 1457
1591 1133
1487 258
1850 81
943 1326
1914 968
1847 1732
19 1880
270 1462
134 406
1665 1203
98 1126
1879 85
112 243
423 364
1591 328
1769 334
1325 586
180 764
211 77
777 754
594 1535
1533 1676
330 1876
1708 216
109 187
303 955
1380 121
1634 1169
875 363
59 1534
1160 1286
1029 1998
1896 1620
616 139
571 891
373 152
125 1070
1257 172
792 1533
898 239
1235 1056
916 781
709 717
1044 1461
228 1841
1076 1413
1329 1364
1514 363
963 1243
