305 376
57 274
324 209
333 294
48 310
222 197
472 0
349 158
37 417
393 201
85 48
364 137
118 490
448 136
266 245
103 367
310 22
166 423
133 246
419 194
410 374
170 20
284 42
310 143
51 477
456 117
139 32
24 231
11 112
374 164
405 417
480 182
142 452
344 321
81 356
78 287
427 175
226 42
172 330
11 233
186 5
431 181
262 80
1 453
45 267
146 170
79 0
478 234
190 96
322 23
482 124
400 207
158 265
271 471
108 444
199 37
59 179
158 386
212 277
364 225
73 427
279 303
401 149
109 386
435 141
47 410
397 151
336 284
53 81
332 170
421 364
237 54
469 31
181 122
19 60
164 298
449 318
34 490
358 321
109 111
273 362
92 287
226 287
461 4
76 342
347 168
332 39
16 148
164 46
73 273
487 407
462 5
191 265
380 201
430 138
482 477
395 180
147 78
447 227
439 143
176 407
230 149
280 235
81 434
144 45
257 251
270 41
416 95
224 419
423 399
275 421
106 463
400 272
37 220
238 130
304 75
470 107
159 331
404 278
121 484
336 372
416 252
328 288
353 52
467 74
145 23
295 456
470 228
268 93
347 423
119 415
413 224
404 255
93 362
471 430
168 392
440 442
53 182
482 179
350 405
28 354
161 389
263 257
283 235
409 82
420 469
292 320
311 333
244 243
384 174
263 113
335 281
215 481
483 152
428 216
354 416
216 302
316 160
367 62
378 71
154 363
221 273
34 38
197 324
144 169
424 452
281 403
443 93
432 83
417 40
158 454
81 90
131 356
138 252
278 146
247 424
180 334
84 137
456 417
275 342
227 36
104 460
119 94
244 125
445 115
369 385
46 146
394 69
25 23
317 51
415 357
321 350
53 270
224 497
404 55
66 96
134 496
209 1
52 17
23 219
197 255
189 22
456 106
63 148
81 345
293 344
233 479
375 154
337 307
248 458
355 441
319 109
229 72
348 172
286 197
29 312
489 153
89 442
137 110
182 261
335 94
227 3
486 492
361 3
312 227
138 340
384 481
36 292
249 436
216 259
441 377
409 16
66 171
23 209
98 123
375 288
4 461
394 301
19 95
305 80
91 120
391 232
491 319
24 66
214 455
321 438
488 57
109 146
457 69
481 426
160 191
335 192
180 26
159 3
116 41
165 162
437 361
360 257
51 325
359 149
56 111
167 213
192 422
66 17
345 335
4 42
492 125
490 344
248 173
47 3
482 260
362 15
17 426
24 285
115 403
415 435
396 193
49 494
471 79
99 207
420 262
100 437
246 491
316 61
121 496
391 91
50 27
168 162
174 242
375 3
460 47
490 298
217 176
330 202
204 471
29 390
472 142
103 159
195 13
425 475
357 420
430 261
79 103
12 13
350 417
82 337
82 108
435 375
462 249
273 89
111 256
164 2
382 490
272 475
361 58
359 214
3 350
303 462
230 478
63 72
444 321
424 114
435 352
287 374
409 71
239 68
339 155
205 12
49 173
446 138
169 238
313 139
239 153
400 107
281 415
163 51
465 7
47 248
420 121
337 352
75 203
283 381
195 268
440 444
206 277
479 292
261 478
429 291
11 303
279 203
161 247
447 461
99 272
478 39
121 67
466 330
111 102
246 183
282 105
99 249
99 20
225 245
79 456
370 74
97 324
487 101
79 47
105 185
315 403
310 324
397 329
304 21
92 367
401 448
455 190
148 2
386 319
239 120
432 435
227 411
9 225
40 212
435 296
454 166
17 314
195 91
279 350
272 311
131 335
127 301
224 499
117 293
414 107
413 291
15 281
268 461
498 249
27 255
44 15
362 361
384 120
20 481
140 397
67 413
382 159
45 16
155 153
394 169
91 397
115 196
404 70
291 13
210 433
295 428
14 149
344 24
489 299
32 203
222 443
14 414
135 295
260 146
450 163
34 105
401 307
464 363
182 119
422 366
6 42
365 240
430 306
152 361
456 98
89 421
156 331
256 418
102 131
431 41
34 262
169 41
278 213
251 196
490 212
383 86
420 153
174 277
123 311
11 106
112 158
212 101
396 447
108 160
197 466
452 198
284 242
270 307
236 165
348 406
301 331
221 42
413 392
478 372
378 105
4 309
308 46
153 23
416 253
37 342
471 454
103 436
115 261
48 271
353 89
299 118
459 107
210 40
288 225
277 480
455 78
309 289
106 189
213 172
49 329
278 301
417 496
149 7
30 315
90 366
131 138
101 375
68 427
154 387
444 189
44 335
346 328
334 174
273 78
246 61
209 444
289 287
389 411
140 344
442 8
274 15
319 166
126 0
36 372
185 86
380 182
205 446
391 456
105 99
117 73
296 304
109 69
297 40
455 68
459 38
73 411
382 83
386 233
359 216
47 358
194 148
164 125
443 480
116 85
91 177
215 472
187 410
19 417
148 302
485 189
91 33
370 351
62 6
107 386
387 440
482 183
164 282
369 242
484 0
475 31
36 218
311 157
281 394
352 454
246 64
38 35
224 125
389 378
33 185
373 253
430 495
311 278
310 84
362 360
74 487
454 479
165 196
84 128
268 208
115 460
483 398
468 355
193 299
347 214
61 116
274 260
313 108
103 118
120 58
185 416
111 238
18 10
285 274
72 395
11 7
351 341
100 350
80 106
127 38
210 72
324 94
213 263
32 71
252 74
115 185
7 14
192 325
233 97
244 335
125 271
375 37
253 11
318 406
449 331
101 142
31 492
133 360
220 99
278 369
477 25
145 226
158 16
75 18
329 163
319 378
415 86
98 379
446 339
269 377
82 142
195 204
72 362
207 178
213 109
488 48
143 422
490 466
445 86
465 64
134 310
40 37
454 171
72 218
383 376
301 343
204 410
173 422
279 440
33 119
200 296
272 401
232 328
465 450
189 366
445 63
274 181
439 434
314 253
407 72
16 187
37 246
447 230
122 353
154 422
253 400
86 372
49 341
457 315
36 142
182 196
360 382
387 76
493 94
203 26
418 100
423 29
314 122
58 431
346 340
191 137
296 339
465 296
484 431
103 65
413 227
457 413
399 63
309 26
395 29
392 289
336 388
135 218
100 297
62 5
394 249
339 133
11 304
178 481
279 384
12 40
195 390
300 443
38 443
133 186
19 164
298 482
474 70
282 394
401 351
23 170
66 397
88 156
388 268
253 223
214 115
422 446
369 254
496 215
158 336
184 474
132 198
37 46
240 145
382 85
179 22
170 431
354 23
234 452
168 12
139 214
39 276
313 107
130 251
146 375
100 228
319 37
202 275
240 387
286 354
151 309
137 411
357 414
46 149
479 296
398 42
321 353
172 224
466 33
486 11
22 56
133 418
275 93
23 137
163 297
181 314
185 464
287 332
436 46
210 228
295 452
53 21
125 126
73 115
254 276
180 98
30 153
285 263
8 400
109 303
267 331
480 475
441 367
256 321
316 372
52 33
266 142
491 489
274 491
66 462
80 131
81 96
73 92
402 2
259 368
61 383
451 309
482 296
440 150
365 385
177 185
69 472
214 481
207 442
477 37
467 289
273 158
345 263
229 88
481 452
315 240
136 9
23 248
318 431
411 213
433 497
37 268
460 371
2 310
134 466
208 415
418 374
173 457
294 338
256 46
313 437
1 350
194 107
354 245
285 374
492 295
353 100
297 205
130 473
357 106
475 327
321 189
59 40
248 464
159 392
403 114
375 281
157 467
210 293
285 207
416 398
407 349
329 21
51 305
498 207
268 419
126 335
42 229
3 121
284 256
325 28
336 37
247 374
378 119
113 230
233 66
332 188
339 47
295 386
34 351
472 433
277 337
20 452
101 111
421 467
273 223
21 124
205 61
403 454
294 138
348 374
23 434
28 140
475 42
11 87
37 225
315 89
104 400
309 15
71 223
392 458
346 162
380 75
109 106
333 79
361 61
303 465
399 209
320 1
190 300
7 444
496 492
301 24
197 195
127 216
265 186
110 312
499 124
191 8
484 410
237 124
445 153
428 100
226 380
345 331
76 435
123 367
395 188
208 182
353 420
434 36
110 433
97 350
218 231
99 396
234 212
497 442
303 311
421 303
210 119
120 491
330 41
166 463
341 315
47 97
180 218
472 246
34 429
304 24
355 335
361 149
3 441
72 46
169 473
36 209
236 234
267 487
199 352
453 497
251 399
231 304
8 412
276 83
265 153
450 464
450 235
261 448
142 119
213 408
389 225
338 259
387 35
58 125
421 293
147 53
274 94
398 309
476 494
480 464
439 203
218 463
210 459
167 9
238 69
480 212
292 161
357 141
489 446
33 166
123 468
5 67
310 294
136 407
437 26
463 164
354 257
92 108
51 219
431 211
121 400
235 385
101 156
396 339
52 300
192 460
417 169
202 244
479 0
437 232
397 312
104 59
304 269
101 169
68 257
421 381
368 375
191 184
22 375
120 389
356 171
302 200
254 389
473 427
122 498
483 68
46 216
413 9
20 343
193 414
422 94
311 406
389 182
125 252
111 317
2 410
90 114
129 371
476 186
90 379
9 162
352 6
98 10
284 366
277 241
175 230
40 5
139 127
300 81
240 179
490 470
301 311
6 277
98 360
10 247
460 75
55 398
135 278
379 1
476 428
288 228
56 250
156 337
49 211
406 103
497 487
123 160
195 185
375 381
107 72
49 476
46 62
468 316
219 398
199 11
255 437
351 145
375 273
188 38
347 440
326 88
312 153
177 108
157 50
309 184
256 28
202 57
187 14
23 171
403 312
427 31
335 442
149 23
286 257
3 463
363 397
128 85
394 384
132 235
386 380
191 406
440 207
79 85
378 232
220 325
200 496
152 419
50 179
410 305
94 185
169 99
280 461
291 241
108 385
373 14
344 216
127 218
335 396
301 291
408 237
55 378
39 290
52 80
157 282
350 268
287 477
367 357
413 473
26 27
78 74
266 45
383 301
155 214
484 124
81 264
122 265
213 420
22 443
150 220
112 373
207 116
14 66
67 78
177 209
214 96
84 432
492 486
400 223
76 391
17 113
492 77
312 375
418 313
322 425
112 206
242 172
346 409
355 494
308 382
100 353
67 176
395 121
315 12
166 69
343 376
218 344
83 156
451 323
343 497
16 102
317 179
234 181
361 285
225 361
472 238
248 344
475 243
96 481
71 424
111 231
249 201
301 477
92 74
266 110
137 225
365 232
128 405
162 318
223 148
418 15
419 468
339 359
342 105
420 204
369 467
475 341
154 26
195 472
290 215
428 36
218 455
46 120
50 499
182 389
244 184
443 430
210 42
62 64
141 357
200 34
219 47
416 183
443 286
274 328
389 315
79 418
368 112
351 468
122 379
16 69
207 194
492 443
383 127
15 109
330 121
64 1
156 84
18 379
65 231
305 329
381 58
219 145
372 95
117 134
382 288
480 302
75 482
122 477
377 209
40 295
495 201
166 111
122 333
38 456
360 241
312 201
33 377
266 499
469 4
472 195
424 118
47 131
260 275
282 34
447 367
151 368
70 380
252 191
36 387
418 489
365 68
22 223
237 148
410 219
0 92
381 12
91 359
481 364
216 475
348 365
421 206
111 309
251 469
138 183
332 277
410 196
205 438
85 27
90 371
123 139
109 241
54 305
206 438
351 124
302 2
37 193
196 366
123 116
309 392
461 111
138 281
94 354
319 63
391 317
397 248
143 215
489 480
71 83
491 260
0 288
178 474
60 73
299 355
142 408
228 331
236 6
387 324
408 118
84 323
3 69
50 1
102 456
436 481
443 377
86 368
106 17
171 412
373 281
344 483
185 81
31 23
404 385
275 240
38 184
93 83
30 143
68 435
258 187
439 119
396 157
320 18
283 365
430 6
312 279
158 221
326 34
229 101
9 363
41 315
442 101
341 198
258 20
0 170
179 401
125 430
247 276
432 321
171 137
15 298
74 204
264 364
197 45
74 469
15 154
201 281
62 86
447 193
333 171
225 229
273 40
34 289
158 175
402 306
9 88
257 302
203 447
27 370
139 53
165 191
340 43
89 461
311 394
466 39
277 252
442 356
129 274
395 244
306 315
465 79
208 45
39 236
203 195
223 173
120 426
482 433
266 400
455 7
210 319
65 266
378 168
230 190
350 106
144 495
210 440
206 61
110 273
92 341
329 433
348 37
359 312
26 251
152 476
363 22
111 66
444 275
391 120
122 224
392 350
459 111
211 9
55 170
235 366
234 29
138 470
405 176
406 104
408 330
241 153
225 474
92 439
269 480
470 390
122 201
268 26
116 423
75 242
111 344
252 203
435 404
70 428
67 14
84 103
309 450
195 199
188 160
172 295
411 317
147 387
52 235
180 12
222 417
227 352
307 232
158 109
122 335
409 365
384 192
423 34
121 227
181 277
227 244
379 378
94 245
34 200
302 14
208 352
320 413
381 14
298 245
142 263
243 165
168 400
228 451
66 160
349 368
387 480
280 125
29 363
202 434
150 15
350 40
261 340
432 78
140 86
132 82
391 342
41 458
290 259
376 70
442 15
5 126
358 21
74 262
483 281
11 322
127 88
371 485
117 489
99 26
338 308
76 42
330 224
141 437
482 321
460 419
74 383
41 206
117 201
168 282
61 156
26 427
303 183
7 41
46 298
395 37
447 313
205 142
347 146
195 277
394 486
212 186
378 69
108 245
462 68
422 297
403 18
388 155
131 233
178 165
276 328
314 205
212 343
188 251
268 94
365 292
205 11
178 322
353 174
417 424
370 83
151 304
481 179
144 265
357 409
499 84
473 440
415 90
36 359
403 381
214 365
474 32
485 307
141 417
193 427
