45 28
12 25
23 34
12 34
0 14
26 14
16 22
37 8
36 18
28 23
12 45
1 8
14 42
49 9
32 23
44 22
48 40
23 20
27 29
7 5
1 19
30 43
31 8
25 38
17 9
28 48
29 31
31 28
41 14
7 46
24 7
35 7
35 25
2 22
46 22
0 43
38 27
15 34
48 46
21 29
32 4
47 29
27 35
25 17
48 21
48 39
21 22
49 47
43 6
35 2
10 12
25 19
30 33
28 45
6 8
18 34
21 33
36 15
34 27
33 7
22 34
35 13
20 46
19 26
17 29
10 23
14 39
25 21
11 31
23 14
14 11
1 41
33 0
24 27
38 35
36 1
17 15
39 45
36 37
8 30
9 29
4 42
35 20
23 0
40 16
9 4
8 14
34 33
37 38
46 25
13 22
33 34
27 11
5 8
34 35
22 42
45 44
14 38
49 14
33 27
